18.0400
21.4919
17.7596
23.1304
31.6217
47.3964
57.3537
64.2913
71.9857
79.7974
83.7192
87.0055
95.8259
103.0708
107.3644
114.3470
121.8861
132.2996
143.3855
151.8203
160.7547
166.2904
174.1021
183.0646
189.8698
195.9657
204.0986
211.5121
219.6935
233.1079
238.2636
243.5963
251.0105
259.7333
268.8888
276.9778
284.5075
294.8962
303.3415
308.8464
316.1352
325.6594
334.9211
341.6956
349.1839
355.8339
362.6056
371.2174
379.9460
387.0036
393.9150
401.7505
409.6423
418.3965
426.4634
434.1466
442.6744
450.4534
457.7124
465.9235
474.3304
481.8803
489.0699
497.6146
506.2159
513.6019
521.7827
530.2969
538.2322
547.0094
555.8606
563.9355
570.5212
577.6528
584.1309
590.4246
594.8242
600.5078
611.0946
632.8054
19.8887
22.7139
20.8656
25.6957
35.9812
50.6271
69.4043
74.3139
78.6251
83.1684
83.7596
85.9075
98.4415
112.0368
119.3290
135.4112
152.9798
165.3180
165.6882
162.3387
167.9802
178.3546
179.3400
178.9520
194.8482
206.8895
219.9436
239.4206
234.6338
236.3462
239.7856
252.8135
259.8149
267.8344
276.4532
284.6064
289.0975
300.6621
310.8730
317.4962
335.8390
344.5634
337.3540
340.4484
357.4398
366.4743
372.0718
381.4638
389.3818
396.0468
402.4980
410.4356
419.4608
427.4930
435.1653
442.9820
451.9112
460.3947
467.4916
475.3759
483.8091
490.1796
491.2943
499.8120
516.3615
523.6445
532.0684
541.1155
548.6147
557.1104
565.4771
572.4723
578.4386
583.6085
588.9784
595.1488
596.7310
603.0536
626.3933
635.4982
16.5094
21.9691
21.0463
28.6867
34.6098
59.1954
66.5179
67.2839
69.1826
74.9772
76.0951
82.7487
94.8634
126.4590
140.9834
134.8285
138.3170
140.6885
158.4784
162.1783
166.7363
178.1238
181.5046
183.5100
190.7542
205.6065
219.4356
233.2879
234.8961
235.5805
238.3580
264.4451
278.9986
285.4126
291.1736
294.9072
296.3756
299.8224
305.6536
329.1265
332.3350
336.1510
342.1786
343.2939
353.2004
379.5931
386.9428
389.6535
389.2184
395.6614
409.1238
419.9905
426.2444
434.2784
442.7299
449.0966
455.9142
465.3072
471.8547
479.9515
488.0861
489.9188
500.9121
509.9012
514.9724
540.6998
551.8799
556.3948
557.5587
562.7296
570.3981
575.4705
581.4317
587.4037
593.5509
599.9823
606.8413
624.3868
632.9030
635.2025
8.5512
21.0578
20.9719
37.7219
49.5006
60.8572
62.5405
66.6353
70.0236
75.2188
78.5960
83.9244
102.3633
125.6234
138.6733
137.2839
139.1224
143.6337
157.3589
162.9185
169.6327
177.2732
181.0938
187.9389
196.7541
204.9577
213.7647
227.7939
235.8037
237.2844
243.4627
260.8322
272.5060
279.7665
286.4444
290.2308
294.2855
296.6039
302.9035
324.8759
332.0271
335.3725
336.7098
341.8369
358.1887
376.4613
380.2793
382.4737
386.1379
395.0926
411.6824
418.7961
423.2878
428.0195
436.4602
444.6062
452.2020
460.1139
467.4637
475.9036
482.5956
489.7051
497.2659
506.5220
524.9742
537.1348
542.4141
545.6199
548.5702
553.8094
566.5622
577.9153
581.6506
591.9524
598.5190
603.9746
615.2395
625.1907
632.6116
634.6831
6.1312
18.3029
19.3329
43.7713
53.0414
48.6083
60.9493
66.6401
70.3566
74.8961
79.0179
86.9134
108.1429
120.5978
132.3685
135.6941
141.6016
148.1092
152.6030
162.0871
172.8144
177.7730
186.0066
190.6294
197.3670
204.8341
211.9075
221.8968
234.9568
240.1487
242.3382
258.5482
271.9611
280.6779
286.6245
291.2945
295.0643
295.1931
298.3283
321.6078
330.7071
336.5223
338.5909
340.2109
358.3826
372.1802
375.7618
380.4423
389.2416
399.4991
411.3525
416.5204
421.7617
429.9598
439.3370
447.2298
456.4711
463.5292
471.9478
479.5374
485.0913
490.4401
496.0569
511.1266
527.0911
533.2462
538.8033
545.2378
549.1557
554.1017
564.6557
578.0286
584.1223
595.4337
600.2054
603.8124
613.1670
622.3435
631.3011
633.3836
5.5054
17.9077
30.3346
46.3788
44.2849
48.4125
58.7455
67.0384
67.4832
72.9179
81.2637
94.6326
106.9056
117.1287
130.7708
136.6045
139.9844
141.3564
146.8994
158.9918
172.0635
179.0275
185.9634
188.9934
196.5536
204.2031
213.0005
222.3793
229.4421
239.8700
240.9267
251.1393
268.3095
277.8254
287.8221
293.9923
295.5963
295.3570
297.5676
317.2730
329.6057
337.0159
339.0000
342.4107
358.1790
367.8877
372.9071
376.7993
384.5386
399.9372
410.1597
416.9016
421.6617
429.4363
438.7026
445.4526
455.5289
465.6598
474.0721
479.5989
483.9786
488.7614
493.6246
505.7599
525.4061
534.7602
539.9379
547.1216
551.0332
555.8821
562.5731
572.6638
583.2166
593.5710
599.0272
604.0239
611.0704
619.6923
625.9218
631.6375
5.0053
16.4754
28.6546
44.9112
42.3475
51.4347
56.8934
66.5684
67.4861
74.1093
86.8711
98.4095
108.3538
118.9400
128.5843
135.1877
139.2890
139.5058
144.7903
152.7303
170.0634
178.9749
185.1700
187.7756
196.5836
205.3246
215.0167
222.5966
229.5488
236.2345
241.8254
248.2195
265.4528
274.8246
288.6673
293.8534
295.2023
295.5106
298.6360
313.6988
329.4309
337.2269
339.8979
344.6996
358.1274
365.6510
371.4182
376.2892
382.7926
397.0271
407.2299
416.4559
422.2941
430.2975
439.0800
444.2588
454.2165
465.9131
473.3215
478.5018
482.8904
487.7115
492.5834
498.9508
527.7438
537.7468
541.2712
545.2620
554.6744
559.4423
562.5859
572.7872
582.9438
593.1552
599.0869
604.1901
610.2260
618.9169
625.7190
630.6958
5.2444
15.0854
18.4164
34.6786
40.7163
51.5173
55.7929
63.5873
67.7778
75.8610
86.7006
97.5411
114.4727
123.4454
127.1474
131.6725
136.9301
139.5933
145.4352
156.0580
167.4072
177.7798
185.1143
187.5661
194.8579
204.9790
212.6994
219.0801
230.6150
237.7142
243.4341
249.3050
262.1855
274.0052
283.0573
290.2084
294.3221
296.0684
300.6253
310.9310
329.0639
336.9016
340.3776
345.5136
356.5255
364.9179
371.5390
376.7177
384.1809
396.4570
404.3954
408.5038
422.2240
431.8638
438.4939
442.0711
451.4543
464.1562
471.8758
477.0476
482.7120
488.3103
495.5031
504.8076
522.7238
525.3380
531.2142
535.1703
545.9832
557.3022
561.8083
568.3958
585.1925
594.6575
599.8060
604.3219
612.4512
621.3389
629.2277
630.9352
5.6254
14.6636
17.8867
29.8454
39.7178
51.3174
54.7029
58.4243
65.6948
80.1388
85.3642
98.8024
115.6227
117.2212
119.2087
116.9623
125.0282
141.3712
148.2965
158.0713
169.0518
177.0584
184.3937
188.0051
195.1970
202.7744
210.3179
215.9470
230.3806
239.7652
243.8907
249.8657
260.5167
275.0097
281.7770
286.9164
292.9161
296.8394
303.0079
311.8281
328.3215
337.4500
340.6083
344.9363
355.6644
363.9422
371.4985
377.3563
385.2870
397.2426
403.0048
405.7052
420.7309
431.1337
435.6856
440.7022
449.6836
460.8138
470.3046
474.0367
478.7625
488.8135
510.9843
522.7915
525.5150
528.0040
532.0740
534.7263
540.6227
545.2994
553.3289
561.8182
580.2000
594.8820
600.3109
606.1033
614.7686
625.2529
630.7246
631.3134
5.5069
14.1089
17.2512
27.8035
40.0926
49.5830
55.1353
59.8466
72.0566
81.8365
91.8846
103.6053
112.8331
112.5216
113.2026
109.4313
124.1554
139.6518
150.6724
159.5003
166.8133
178.1045
184.8920
189.9133
196.3682
203.2617
210.2743
215.1845
229.3522
238.5564
242.9724
249.3211
259.1186
274.5958
280.9172
286.0734
291.6738
297.4011
304.4096
313.5165
327.5849
336.4131
339.4090
342.2650
354.7853
363.2186
372.1714
377.6378
386.2548
398.2709
402.3106
405.9454
417.7779
429.1605
433.8617
441.0063
449.3790
460.1634
468.6363
472.7994
478.0186
488.7128
510.5749
513.1083
526.1442
528.3367
531.4443
540.7039
539.6353
546.3021
553.2792
557.9683
566.7653
588.2785
601.5802
607.9125
613.6136
626.3655
630.9711
631.4098
4.9351
13.4027
15.8434
29.5620
39.1652
46.8524
55.9910
62.1202
73.0545
82.7419
93.4160
101.9161
107.3869
111.1400
112.1549
109.7475
123.2619
133.7540
147.3195
160.2973
163.8094
172.9187
182.4401
189.5638
194.4459
202.1327
209.2230
216.9645
229.3484
236.9192
242.9118
249.3652
255.9509
271.8732
279.3958
285.7581
290.7021
296.1783
304.3804
315.0709
327.5035
335.3363
338.3794
340.6581
355.4473
363.9098
372.1155
376.8286
386.1621
399.3344
402.1844
406.3940
417.5205
428.5593
433.8534
441.1736
449.6916
462.4655
468.1961
471.9958
478.5537
486.9580
499.6022
513.5028
525.2797
528.4210
530.5854
541.8968
544.7385
550.9950
556.1547
559.7227
562.5997
573.8057
600.3304
608.8513
612.4778
625.8886
630.9067
631.5972
4.2664
12.8985
14.9348
30.0451
39.2783
47.6278
56.2526
62.6439
72.5551
85.8810
95.5436
99.9874
104.5418
107.0372
109.1037
111.1902
131.5189
137.0466
146.8761
159.9493
165.4684
172.4220
178.7646
186.9898
192.6064
200.8685
207.5073
221.8086
228.9210
235.6836
245.4939
250.8519
255.0482
264.6034
278.4639
286.3679
290.8792
295.3671
304.1578
314.7302
327.0061
333.7723
337.8812
341.1159
358.1146
364.2706
369.8909
374.1924
387.0560
399.3173
402.6508
406.6090
418.1724
429.2384
434.3339
440.8702
449.8919
462.8442
468.0495
472.1275
480.0175
486.4510
499.4513
513.6667
517.8295
519.8881
526.4640
535.1406
546.1716
552.5360
554.9058
560.0399
562.9804
573.0559
590.9640
609.4288
613.1274
624.4291
630.5613
632.9507
3.7802
12.6986
14.3030
31.0668
40.6082
47.8270
56.5246
63.8123
73.6853
85.9707
93.1208
95.9435
100.7133
103.7881
106.5573
117.2240
130.1657
138.4969
146.4030
160.3629
169.4447
174.4588
179.6218
186.4156
195.6048
201.0901
203.6103
221.6581
229.2270
237.6541
249.5700
252.3747
255.0343
258.8419
276.2016
287.0432
291.3813
295.1528
304.0597
313.5261
326.1490
332.4220
337.4977
343.7859
359.4201
362.6208
366.7898
371.4251
387.8030
398.4685
403.0480
406.5245
417.6722
429.2006
434.5515
440.3101
448.5765
460.8459
467.1737
472.6339
480.8737
487.3002
503.4009
514.3735
519.9599
524.1520
524.8417
530.9987
536.4005
548.4443
551.8706
559.3000
563.0594
577.8304
581.3044
608.5746
614.6747
622.9808
629.4612
634.4513
3.6093
13.0802
14.9068
37.7390
44.2682
47.3025
54.3269
70.4064
81.0515
88.5603
92.3039
95.0911
99.5271
103.1484
109.1102
122.5451
133.2658
137.2229
144.5671
162.5640
170.8933
175.1825
181.9420
187.9536
197.8353
202.3762
202.5718
215.0343
230.9091
242.1893
251.2367
253.1271
255.6295
261.2939
276.1055
288.0974
291.8508
295.5310
305.3961
314.1559
325.5320
330.9806
337.1920
350.7818
360.2285
362.6677
364.9826
369.4965
385.6359
396.8471
403.2729
407.6661
416.6494
427.4613
433.9006
440.2144
448.0918
459.1255
466.2459
473.0341
480.9175
487.9172
503.0331
514.1345
520.3844
525.5153
526.5827
534.0316
542.1178
552.2578
559.5150
561.2562
563.6526
581.9270
578.5543
607.6003
616.2497
623.0468
627.0986
635.0619
3.6241
13.2678
17.0093
41.3092
45.6271
47.6554
57.0159
72.8889
84.3866
88.7513
93.4064
97.9093
100.6649
105.6504
114.3202
127.8552
134.3062
137.5564
142.9272
161.7914
168.4522
173.1858
181.2995
190.5412
200.4186
203.6384
204.2308
210.5684
231.0268
246.2690
250.8339
252.2722
255.0055
265.2768
278.2317
288.7357
291.4997
296.1801
307.4623
314.7134
326.0121
330.2906
338.5985
353.4858
361.3728
363.3383
365.1805
369.5790
383.1129
395.0708
403.7905
410.0279
416.3431
425.0527
433.2236
440.1333
448.2066
457.8760
464.9642
473.0667
480.4395
488.4907
503.5451
514.2075
520.2030
526.3445
529.2042
536.7018
545.4049
556.7788
560.2632
560.9800
563.8245
579.5482
578.3568
606.4554
615.3463
622.8600
625.8430
635.7375
3.7739
13.3605
19.9741
41.3086
43.3158
46.7307
53.7872
69.5915
79.7303
88.1737
93.9099
101.8675
102.7569
110.2794
120.0500
129.8398
135.1605
138.6190
145.4456
160.7514
167.1732
172.1071
179.9026
192.4135
200.3774
203.9200
206.1884
212.7428
228.1076
241.0961
247.0810
250.4524
253.5254
264.5808
277.3154
285.6475
290.3159
296.8711
308.6846
313.3811
325.8829
329.9751
344.1066
355.5447
362.0755
363.9854
366.8267
373.0516
382.4301
394.0362
405.7393
413.9257
417.7387
422.9627
432.6864
439.7889
448.4287
457.3497
463.9637
472.7110
479.4170
486.5819
502.6988
511.8716
517.4193
525.0786
530.4356
539.1596
545.5287
556.0342
560.2092
562.2426
565.1179
578.1852
587.3845
606.4233
613.5295
622.9547
625.8773
636.3618
3.8981
13.6014
21.2941
42.0747
43.6606
46.0577
49.7221
59.8469
69.9382
86.5752
96.8928
104.7588
104.4729
112.6098
119.2759
129.7416
135.2006
139.5408
151.2234
161.7766
167.6673
172.8519
178.4532
191.2551
200.1171
204.6814
209.4051
218.8292
228.6452
238.0306
246.2030
250.5030
257.5167
267.5742
276.9001
284.3761
289.1277
296.1801
309.0376
312.8959
325.9373
329.4100
343.6486
352.1966
360.4724
364.2574
367.7284
376.3260
386.5860
394.6838
407.3052
416.6985
419.2730
423.3906
432.9328
439.4690
448.1325
456.8165
463.5749
472.4506
478.6992
483.7402
501.6632
509.3463
515.3088
525.0071
536.3328
541.2651
549.3337
557.2113
559.9417
561.9598
563.4997
570.1947
591.1851
607.3514
613.5228
623.6625
626.1195
636.6029
4.1757
14.3931
18.4785
42.1006
43.5805
45.7910
50.1431
56.1532
64.7150
83.2703
89.9423
98.4224
101.8495
112.2369
119.0013
125.7967
133.3905
140.3267
154.5044
163.0051
168.5867
173.3637
177.6336
188.2367
199.6079
205.2350
211.7763
223.3886
229.3494
236.7142
245.6368
253.7818
262.4930
268.6851
276.6368
283.7735
287.5118
297.2771
307.8385
312.6147
326.0743
329.9953
341.9442
347.4893
355.3658
363.8335
369.3303
381.1807
390.3619
396.1015
402.9276
416.0923
419.3275
423.0526
432.0538
439.6080
448.3399
456.7136
464.2971
472.9866
478.3484
483.1387
494.7502
504.9402
507.8395
524.2561
541.5298
548.1637
551.9150
553.9250
555.6111
558.9521
562.0081
581.8965
596.5765
608.0806
614.1932
622.7746
626.4760
636.6151
4.3179
15.4862
17.4420
35.2225
40.0704
47.2448
53.2894
55.9368
59.6649
83.6783
88.2367
96.1603
101.9255
111.2956
117.8116
121.0609
127.7974
140.1581
155.3426
163.2412
168.9426
173.5194
177.6333
184.5641
198.5425
206.2465
214.6523
225.1629
229.6055
235.5320
243.3423
254.6451
263.2126
267.6503
274.1372
281.7314
286.4354
297.3734
306.7848
312.6971
327.3937
332.7270
344.3198
347.6050
350.6618
362.2739
374.9103
385.9196
392.8206
396.5426
398.8070
407.6855
413.3577
418.3710
429.8014
441.1846
450.1125
457.9906
465.5656
474.1116
479.8613
485.0447
495.7325
510.0077
515.1967
525.3761
543.9221
548.2985
550.3709
552.5320
558.6318
560.2577
574.9133
589.6337
599.5439
606.8492
614.3679
620.2424
626.4700
636.6558
4.2012
15.1855
18.2398
27.5666
37.9569
47.6336
54.1357
55.0247
56.4403
80.9627
88.0471
96.4812
104.3071
113.1292
117.3423
119.0076
122.3789
140.5825
154.9570
162.3349
168.5522
174.6050
178.1852
182.8568
201.0310
209.7921
217.0724
224.7880
230.1185
235.2415
243.5366
257.3089
265.0332
267.0933
271.8647
282.4138
289.8421
298.4944
306.2117
313.4140
327.5346
334.8892
346.8002
348.0861
348.9666
362.4278
383.6254
389.4915
393.4494
396.3260
397.6698
400.7300
404.9041
411.0336
430.9444
443.2777
454.3514
460.3701
467.1143
476.1226
483.7294
488.5413
494.7018
504.0223
509.6925
515.7225
526.3129
542.3904
548.8913
554.7006
562.5881
573.8416
581.2359
600.7230
599.9159
605.5108
612.3062
618.5751
626.9637
636.7109
4.1326
14.2937
18.6379
23.4531
36.2029
45.5189
53.6027
58.4145
61.5644
79.1516
88.7809
96.5321
108.1648
116.2737
117.6657
118.7156
121.4574
138.9957
150.6251
154.5155
162.9640
173.3414
178.8516
188.5984
205.5292
213.2072
216.8875
220.0437
226.7084
233.6407
245.8957
259.3141
265.6596
265.2694
269.9235
283.2390
293.7407
298.1927
306.8274
315.8224
327.4074
333.8511
344.7005
345.5923
346.0040
360.7383
388.7016
390.6303
393.7348
397.2087
397.9920
399.7942
403.6550
414.8550
435.1511
443.9948
456.0815
462.8174
469.1485
478.1976
486.4575
491.4967
496.8372
503.6891
509.7906
526.4925
540.2558
538.1329
541.6502
551.9883
564.3290
579.6675
592.0030
601.0383
599.7874
605.3937
609.9982
617.1953
629.2247
636.6929
3.9295
12.1609
17.7744
22.3953
34.5352
45.0264
55.4820
60.1069
62.0780
79.1739
85.5537
99.3966
113.4883
117.3641
118.2899
121.0211
129.7844
138.4058
146.4102
148.0949
153.4859
166.2281
182.2345
206.2000
213.7234
214.2087
212.9227
212.5987
215.9726
233.4864
255.2390
257.3243
258.7518
262.2495
270.3743
287.4688
291.3104
295.0512
307.8457
316.5480
327.1481
335.5130
341.2147
340.1523
342.3419
355.7010
388.8119
391.1734
394.4055
398.0287
398.9817
400.7836
407.1273
423.3093
436.5119
444.4469
453.3130
460.4486
470.0561
479.3873
487.8369
493.3522
498.1050
503.0757
511.2405
524.5406
539.9580
544.6660
549.7612
561.5149
577.1652
585.4252
595.2123
598.8353
598.4014
603.8131
608.1321
616.0916
630.7156
636.7062
3.9585
10.8173
14.1975
22.5559
33.2610
46.6534
56.6045
58.9629
62.8957
80.2871
83.8486
95.4863
110.5360
117.3415
120.1088
127.0724
133.0502
138.2175
142.9927
144.9248
149.3883
162.2750
185.4404
210.0239
209.2171
212.2600
212.3948
212.6354
214.0357
227.3947
253.0836
256.8042
255.9701
257.3087
279.2456
289.1772
290.9075
291.9109
307.3791
315.6923
326.4366
339.7669
341.3693
340.1667
340.5964
349.5193
385.3593
391.2894
394.9562
398.0600
400.7190
402.9548
413.7075
427.3638
435.4379
444.1865
450.6679
455.1363
464.9619
478.2796
488.5452
495.3382
499.3939
505.8969
517.2356
526.9069
536.2117
541.3595
547.0741
555.6867
574.7777
586.1607
592.4475
596.3802
597.4365
602.4444
606.7303
616.5504
630.9457
636.7100
4.1966
10.9518
13.1008
25.9626
33.1180
49.7004
59.4118
59.7093
61.1352
78.4290
88.0715
93.3537
103.3750
116.3131
120.2764
129.0264
134.3253
138.3679
140.9207
142.8736
148.4681
167.4965
188.9999
194.6515
204.5259
212.3870
215.0093
214.9048
215.0642
225.3452
252.6968
257.3484
260.2703
271.7658
292.1999
290.9370
292.5112
296.3329
308.5984
315.4879
325.7524
340.9039
341.6499
341.7762
349.4581
354.6528
377.4705
391.0322
394.9235
398.3450
402.1172
406.5099
419.7235
429.1070
433.9927
441.1194
450.5660
455.5032
460.6729
476.0501
487.4006
495.7588
501.3130
509.5699
519.2852
526.1748
535.3380
541.6210
548.4380
556.9301
569.2966
582.4182
588.6328
592.8878
597.2555
602.4554
607.7386
618.1296
630.8304
636.7150
4.7708
12.0134
13.1192
23.6338
34.5830
50.1408
60.2589
60.3839
62.6932
80.5984
88.8244
89.5103
97.3327
114.8744
120.0791
130.4401
135.3829
138.2379
139.0278
142.7128
150.0421
168.1583
183.3505
190.9373
201.8907
213.7427
215.4701
216.0443
217.8761
227.2400
250.1499
257.0634
257.2487
267.3621
280.1709
290.7522
292.6282
295.5888
308.4172
316.6644
326.2281
339.5267
340.8843
342.8220
353.4763
362.1270
374.3180
390.8983
395.1564
398.8720
402.3685
407.7888
419.8258
428.5832
433.6726
439.3395
449.3442
456.1873
461.4093
473.0482
486.0701
492.5611
501.7522
511.7969
519.2830
524.7174
535.1082
541.9282
550.0342
558.5623
567.2633
578.2792
585.4127
590.3547
596.7015
603.7703
609.2601
619.3245
630.3786
636.6855
5.5598
12.4452
13.6448
20.6393
36.3519
52.5175
60.3738
61.2130
64.8262
80.0491
88.6061
89.2991
95.0522
114.6016
120.9230
130.6758
134.3768
136.8559
136.8505
143.3358
153.7411
167.4518
189.0143
191.4268
201.4665
213.7566
215.6003
215.7791
216.8631
227.9389
249.2917
255.9087
256.3472
267.9785
278.5681
289.1989
290.0752
290.9873
309.2168
321.7136
333.2241
335.3310
337.3410
342.0936
352.7178
361.7176
373.8777
391.1661
395.7588
398.8941
401.5150
406.5872
419.1376
428.7372
434.4428
439.6482
447.9765
456.5135
463.4588
472.4616
485.6723
491.3090
499.7168
512.1548
519.1100
523.2665
532.9421
542.1193
551.9116
558.7656
565.9122
575.8123
582.7421
587.8789
595.8112
604.2778
610.1390
618.8683
629.5386
636.6889
5.7254
12.7019
15.1720
20.8130
33.3696
52.4224
57.3887
60.6974
64.8716
79.5145
90.8194
91.2095
95.9979
113.6916
121.3055
131.0386
133.1443
135.8242
137.1227
145.9993
157.0114
166.7840
192.9987
192.9384
202.1647
210.6306
216.1219
216.2836
216.9368
226.3612
243.9750
254.5986
255.7277
266.9868
278.7376
287.8116
288.9745
289.0600
314.7524
323.1663
332.6084
334.2769
335.7050
339.5703
351.3037
360.2676
371.5684
391.0921
396.6501
398.7855
400.5717
402.8771
418.5514
429.7126
435.9738
441.7780
449.7151
459.1165
465.5670
472.2896
484.4308
490.3199
497.2701
510.1205
519.0106
523.5846
533.0015
541.6375
553.4402
559.6543
566.3032
574.0682
579.9822
584.6293
593.7010
604.6229
611.1753
619.2937
629.0118
636.7808
5.1349
12.6126
16.3301
22.5742
31.0737
51.6938
55.1798
58.0422
63.4157
71.0747
91.1508
91.8785
95.5504
113.5640
121.7394
130.8423
132.3379
135.2551
138.5804
148.1022
158.3429
166.4911
192.2638
194.8010
203.6320
206.4406
211.7258
216.8822
219.8301
229.7587
242.2781
252.0585
255.0588
267.4450
280.1462
287.5440
288.4186
287.9924
311.1974
322.7186
333.6938
333.5393
334.3243
337.6199
347.8892
358.7710
370.7681
390.5467
397.2778
399.7064
401.6271
402.6335
421.5251
432.3051
437.2175
442.6481
449.7565
459.0395
465.7606
472.2048
483.3796
489.9153
496.5834
507.1529
518.4815
523.7822
532.8514
540.7200
550.2321
560.4863
568.3517
575.3914
578.9176
582.4470
591.6939
605.8158
611.6680
618.9783
628.3536
636.8624
4.6169
12.0467
16.1284
25.2718
31.3184
50.0289
54.4787
58.1946
60.9526
68.8686
89.6853
92.0292
94.2468
110.0598
122.0108
130.9812
132.5408
135.6180
140.6469
150.6805
158.3350
165.7215
188.6725
198.4608
205.5794
206.3342
207.3464
215.9134
229.5967
236.2708
242.5560
248.5540
254.0875
267.6938
280.7636
287.5378
288.0825
288.3047
313.5889
320.9672
333.8255
333.4456
334.9227
339.8286
345.2490
359.4672
372.3494
388.9141
397.4836
400.4515
402.2459
403.8593
422.1091
434.0849
438.2010
443.8793
452.8987
458.4143
465.1827
470.8410
480.8698
489.2844
498.5870
505.6043
516.1790
523.7706
533.7338
540.9392
546.4295
557.6740
568.3590
576.7642
579.1309
582.3529
591.6406
604.2469
610.8348
618.1327
627.7385
636.9358
4.3189
11.9544
16.0188
26.6697
31.8597
48.8547
54.1330
58.5538
60.9446
69.1796
86.5147
91.6595
93.7426
105.6745
121.7974
130.5879
133.3161
137.1280
144.2927
152.8473
156.9979
166.5627
186.7543
200.9714
206.5975
205.1653
206.7260
213.3591
232.2785
236.1792
243.2530
248.3408
253.8420
266.8461
279.7476
287.2266
288.0187
288.7666
317.9202
319.6272
331.8052
336.3304
340.3157
341.4024
343.8926
359.5700
371.7460
385.7111
396.3884
400.1396
402.5715
406.0615
416.3225
434.9621
438.8043
444.8813
454.6025
458.5128
465.2256
471.4476
480.6919
488.1477
499.8879
505.3116
514.5736
523.1798
535.0183
543.4871
548.6137
556.6854
566.5773
576.7158
579.8393
583.6160
591.9167
602.3424
609.8808
617.4852
628.1198
636.9730
4.0779
12.0114
16.2461
27.3391
32.3840
48.3012
53.6350
57.6444
61.3423
68.9970
83.4803
90.9544
93.9791
105.6968
121.2092
129.3253
134.0805
140.6752
148.6121
153.4926
155.1920
165.1909
184.1298
202.0946
206.5695
206.4027
206.2958
210.6937
233.4531
232.9908
243.1924
251.6239
255.3041
267.8937
278.5772
287.8445
288.3571
289.6267
312.6178
323.9966
338.4444
341.4472
342.2407
339.5911
340.3175
351.1005
363.0476
381.7505
395.8524
404.2589
407.9451
408.0491
410.9181
435.2742
439.3404
444.9485
454.8191
459.3087
465.4053
473.3757
481.3262
487.3665
498.3469
503.9497
514.1984
523.0653
532.5381
546.6533
553.4028
558.8000
565.4723
575.1722
580.6072
585.0149
592.1814
601.0061
608.4384
616.5663
629.0063
636.9468
4.0548
11.9891
16.6481
27.4317
31.8923
48.5158
53.0166
56.5128
62.4925
69.4612
82.6474
89.0924
93.8150
108.2276
118.4219
125.4433
133.3061
146.5004
151.0306
154.0374
154.9290
165.0973
182.8194
196.2179
206.4691
206.4835
205.5938
211.1502
233.6278
234.7190
243.8642
251.1692
254.5383
265.0106
281.8057
289.8853
289.3116
290.3754
309.5463
325.6869
339.1299
341.5313
340.5941
337.9325
348.4865
349.6707
348.5132
364.3555
404.6298
412.0226
410.4735
410.5906
408.8372
434.6378
438.5950
442.2770
452.6925
460.7112
465.8335
475.9971
481.4787
487.0796
497.0920
503.4712
515.1451
523.0558
529.9224
543.9368
555.7677
561.4571
565.3020
573.1753
581.6249
586.0256
592.6357
600.6300
606.7375
615.7236
629.4365
636.8975
4.0091
11.7415
17.0383
27.7004
30.7701
48.0318
52.8356
54.9243
63.5739
70.8450
80.8345
85.6038
93.5115
111.8086
117.6479
121.9841
130.6393
150.4666
153.2378
154.5742
155.4469
166.2901
184.3984
196.4637
206.2287
206.5032
204.4225
209.4442
229.7309
241.6905
247.2588
252.1994
253.9533
259.8104
281.0745
289.3948
289.4001
291.8179
308.1367
322.5586
332.2150
341.5240
345.8954
349.4548
350.3752
353.2973
354.8934
359.1477
389.5146
411.7850
409.9412
409.3618
407.9910
420.1363
433.3557
439.3809
453.7448
461.0179
466.0216
478.2469
482.1099
487.9956
496.9110
505.2780
515.7054
521.8964
528.6655
540.6997
557.7550
565.5192
568.0309
575.4911
582.8082
586.9523
593.1743
600.3394
605.4604
616.1849
629.7167
636.8160
3.8955
11.3373
17.3053
28.1856
30.3934
46.7823
53.1317
56.0351
65.8598
70.4979
77.2291
81.1546
96.3230
112.3060
116.5399
123.4937
132.0318
152.1926
154.3204
156.0002
157.4713
168.8396
181.1941
189.3564
204.7246
209.3662
206.2655
214.2115
217.1512
225.6194
244.6958
261.2059
276.7711
281.8909
283.4210
286.7431
288.3831
298.2194
313.2197
319.9128
330.4496
338.4053
344.8572
349.4144
349.6693
352.8245
356.3536
369.0688
389.9850
408.6385
409.3012
409.1594
408.4685
418.9157
431.8441
438.5842
454.1639
461.4594
467.5873
479.2909
482.8931
488.6812
496.9845
507.6283
516.1121
521.9623
527.8965
537.3096
554.8777
566.2183
571.8185
578.2303
583.3634
588.1736
593.6068
599.5192
606.4062
618.7416
630.0696
636.6910
3.7172
11.2174
18.1588
28.7343
31.9127
45.4721
53.1726
59.2981
68.2078
70.9842
75.4912
81.3445
104.4577
112.8689
116.1949
124.7249
126.6872
152.3243
155.7460
158.4766
161.2599
171.4503
181.1947
191.5432
206.7768
211.4731
220.0959
222.2048
224.8568
237.6880
252.9853
269.2565
267.3614
281.3413
282.0472
286.4405
291.5103
303.3878
309.5518
318.8089
330.9251
340.1828
343.7463
350.5480
350.2852
352.4574
355.4368
369.0663
387.9557
408.1187
408.9730
408.9287
409.0741
420.7716
432.6888
438.0625
451.9070
462.1333
468.6766
479.5737
484.1331
489.1010
496.4896
508.3237
516.0170
522.5815
527.6295
536.9452
552.0620
568.1055
576.5834
580.6665
585.2229
589.5588
593.8059
599.0198
611.4352
618.7423
630.5188
636.5305
3.7599
11.0765
19.1267
29.6233
37.1063
47.7181
54.7528
62.7691
69.6760
71.9650
74.9725
81.5012
96.7954
112.3275
116.5516
127.3784
132.3983
148.5158
156.5341
160.2399
162.7679
169.8954
181.3777
192.1327
202.2826
208.4145
215.7278
221.9593
227.1066
238.7651
246.5632
258.2680
264.9343
272.0479
279.5991
285.9615
290.4308
302.8363
309.6636
318.3654
331.9811
342.1752
341.7189
342.6068
347.9716
353.9227
359.2205
371.3172
383.6685
405.3973
408.7740
409.2227
409.8249
423.6106
432.9409
437.7353
444.5250
462.6642
469.2729
479.2737
485.3662
489.8613
496.1949
508.7338
516.8934
522.6396
528.3338
536.5624
548.9150
567.9639
578.6383
581.9661
586.6544
590.8721
594.9742
602.2123
613.6298
617.5149
630.7238
636.4647
3.9277
10.6741
19.2987
32.4025
40.4060
51.6438
58.3635
65.9612
72.2050
73.7617
76.7122
81.4170
94.4522
112.5193
115.6298
128.6953
131.9940
144.7654
156.6192
160.5695
161.7503
168.1436
181.8974
192.2605
201.1405
204.9850
210.9994
218.0403
232.5607
242.2403
249.5722
255.6727
261.1859
266.4490
273.1497
280.4323
287.1271
301.1561
308.5139
318.6453
334.5323
341.6035
342.1721
342.0740
344.3125
353.4387
360.2224
368.6460
380.6918
399.2231
409.1974
409.8712
410.5478
426.3232
433.1278
436.3554
440.0679
464.8351
471.5016
478.4116
485.7599
490.5952
496.2950
508.6589
516.8526
521.8469
528.1454
533.6578
547.5251
569.2048
578.3038
580.2729
583.9858
589.9397
596.6908
607.0242
611.5188
618.3701
631.0798
636.4497
3.9873
10.3589
18.6482
33.2618
40.9356
52.3319
60.4561
68.0434
73.9918
76.1356
79.3029
83.4255
94.6161
109.5959
115.7379
127.2863
130.4497
141.4231
156.0549
159.8151
161.1337
168.5283
183.3912
191.3978
200.7141
203.9113
209.6153
215.3104
232.3225
244.5381
251.1058
255.6804
260.2554
264.4835
272.9046
280.1400
287.0601
298.6728
308.2509
318.1251
332.8870
342.0552
343.2162
343.9229
349.5251
360.8310
369.9883
372.1988
381.5256
390.0618
409.1068
410.3328
412.4030
429.7394
433.2537
434.9269
443.6015
464.5950
475.0812
478.0034
485.4862
491.1940
496.7841
508.3391
516.0022
521.8007
528.3770
533.7451
547.4324
568.3422
575.4133
577.5737
580.3998
587.0038
597.0438
610.0024
610.2766
616.8443
630.7737
636.5121
3.9907
10.2683
16.3067
33.6349
43.0490
49.4608
60.8847
71.0280
77.2635
79.5749
81.8969
86.5652
94.1633
105.4843
115.4333
125.4584
129.4998
139.3387
154.8229
158.6055
160.9485
169.3864
183.2248
190.4780
197.1347
204.5019
210.6649
215.7392
228.0079
245.5575
252.0249
256.7807
261.3258
265.6914
273.7559
279.8847
284.6779
295.9799
307.9218
318.3766
332.6762
341.8127
344.3385
346.1782
352.9723
360.5124
370.8824
376.0311
382.6989
390.2321
405.7195
410.5844
417.4044
429.7626
431.1566
432.3019
442.8889
464.5974
477.0188
478.7381
485.5555
491.4521
497.5483
507.8453
515.2062
522.2648
528.5963
534.2719
546.3278
565.3232
575.3236
577.5323
579.5625
584.5809
593.5281
610.3824
610.2941
615.0166
630.5271
636.5449
3.8688
10.4559
18.4759
30.0604
44.3650
49.5641
56.8250
74.8182
78.7677
80.6883
83.3347
89.2059
96.2591
104.3883
114.4612
125.4544
128.6842
139.4456
154.6748
157.9857
161.1927
169.1225
180.5963
189.1601
191.6038
206.9621
213.7150
219.5777
227.8333
243.2519
252.4543
257.5916
261.7171
266.7533
273.7126
278.8799
283.5137
295.2023
307.2613
317.6743
331.7306
341.9911
347.9673
352.4187
355.9638
361.4965
368.5957
378.0525
382.3935
389.7018
401.9721
409.5677
424.2956
428.9905
431.6185
437.1241
446.4984
463.0247
476.1986
479.7275
485.8075
490.6590
498.2473
507.8084
515.5342
522.5908
528.3665
534.2860
543.8309
563.0312
574.9348
577.0409
578.6135
584.3605
590.6519
610.4319
610.7063
615.3165
630.4594
636.5537
3.6706
10.8740
21.8135
30.9329
48.2664
48.9112
48.9598
71.8348
78.4568
79.8255
83.3919
90.5799
99.3520
104.7442
113.4186
125.9036
127.7547
138.3975
154.2044
158.4535
161.5772
167.8053
176.0957
191.4252
196.0086
205.7475
218.0048
223.2529
231.7102
239.4435
247.4424
258.4709
262.9548
268.8563
273.5914
276.8673
280.3864
294.5240
306.3861
317.5305
333.1566
341.0816
345.0793
352.1565
356.6119
361.9225
367.5356
374.7933
379.9046
387.0282
395.3729
417.8383
428.5607
429.6320
435.3272
443.1955
448.1111
468.2026
476.6684
479.2557
485.8692
489.8255
499.2491
507.9948
515.1914
521.4741
527.4542
533.6239
542.7267
560.7952
572.4959
577.0286
578.3340
585.0146
590.4666
610.3177
610.8600
615.1081
630.2736
636.5177
3.5096
10.6202
23.5173
27.9436
38.0801
39.5776
41.0752
54.8149
75.4245
78.3776
81.2523
90.5318
99.9495
105.1124
112.9177
124.8274
127.3615
135.8072
153.5157
159.0997
162.7952
167.4481
173.4224
191.0189
197.2828
207.7311
220.5988
226.5083
233.3541
237.9211
241.0616
260.8704
267.0518
269.3956
270.6522
275.0975
278.8711
294.5246
306.0879
317.3477
329.1999
338.5263
340.9581
351.8813
358.0522
362.6511
366.5959
369.9052
375.7930
382.8807
386.9915
408.5153
423.1486
425.5959
435.5601
442.4254
447.7868
468.6722
475.9929
477.4964
485.8091
490.2749
501.0768
508.2746
513.1610
519.8251
526.6844
534.1381
544.5666
558.8489
569.1965
575.5350
578.4877
585.6389
591.1217
609.5715
610.6503
615.6068
629.9360
636.5068
3.6030
12.0957
25.7829
30.2780
35.6299
36.5538
31.6690
43.3218
63.6058
77.7140
81.0606
88.9375
98.2477
105.2929
113.4343
123.3793
127.0765
135.2367
153.9730
159.6567
163.8571
170.0612
179.2119
191.9133
198.7426
208.2816
217.6546
227.3112
232.8170
237.5153
242.0151
261.8773
268.4783
269.4054
268.6955
271.2242
282.0812
299.5048
304.8206
316.8900
329.4971
340.2728
345.0105
354.3689
362.6704
364.5020
366.5219
370.0011
374.5633
380.8215
380.9555
402.8196
419.3844
424.0359
433.8850
441.8308
450.9439
470.6879
476.9549
478.2934
485.6341
492.0413
504.5192
508.5720
511.1257
518.5954
529.2729
535.1315
547.1006
557.7115
568.9645
574.5322
577.3590
585.2891
591.4215
608.9731
610.0698
617.7712
629.8134
636.5203
3.9627
12.4858
25.9601
29.4657
31.5882
36.7685
33.8842
49.9001
66.3867
77.8262
82.0928
89.7994
96.9433
104.5925
113.6616
123.0970
127.1002
136.5920
153.7707
159.5009
164.9603
173.3157
180.2083
191.7648
198.4055
208.7300
216.8610
226.9454
229.2230
239.2151
242.2123
259.3595
268.2189
270.0180
268.5921
273.1707
299.4844
314.6875
307.7385
317.3867
337.1262
341.9043
351.6464
358.1963
365.5948
366.7630
367.4977
370.8173
373.3192
376.2318
380.8815
412.1173
435.2768
440.7493
437.9469
442.4547
460.9380
475.8220
476.6004
480.4634
484.0193
491.5260
506.6204
510.2242
511.4968
524.4725
535.2479
540.1555
547.2000
556.5994
569.6359
574.7019
577.2246
584.6146
590.8000
607.8422
609.6215
622.4552
629.7230
636.5007
5.5027
13.3992
24.4831
29.3613
31.3643
36.7740
37.3194
63.7655
72.8657
78.8036
84.3735
90.2193
96.8477
103.5831
112.3758
123.6798
129.1188
140.3181
152.6693
159.9215
168.9536
178.7936
183.8605
193.1990
197.8667
209.1198
218.3803
225.2728
225.8410
237.6367
242.5961
264.2477
269.3422
271.0087
269.9836
281.2920
306.9024
311.5519
312.0310
319.2054
327.1960
341.8124
356.2002
360.1298
363.9941
369.1447
369.0703
371.3998
373.5675
375.9232
388.0887
423.3987
432.5984
439.2127
441.5720
446.1438
455.4727
466.6047
475.8435
481.8816
482.2589
488.6281
509.5356
514.8638
521.0131
532.4702
539.3209
543.1442
545.8746
552.4772
569.6041
574.9225
577.7780
583.8865
589.5245
607.3680
609.6951
624.0414
629.6777
636.4545
5.8375
13.0246
18.8254
28.4052
32.6308
37.8415
41.5138
62.1700
76.5610
82.5797
90.1118
97.2961
99.6100
105.4030
112.2525
123.6340
131.7617
140.9064
152.8920
161.7475
166.6968
178.4438
185.7219
191.2168
196.1867
207.5287
215.0975
223.4081
227.7501
234.7660
241.0150
264.4328
268.9910
271.5363
271.3480
287.2419
300.9567
307.0521
313.4266
321.1979
317.7130
333.1679
356.3390
361.3641
362.0900
370.3346
369.7878
371.3232
373.4477
376.6164
392.5393
422.1279
428.4349
435.1171
440.7405
447.2437
453.2297
462.9830
473.7625
480.1475
480.7593
485.4325
511.4377
517.0350
523.2228
527.3308
538.6237
542.0452
543.1055
547.9602
567.4350
575.4160
578.9225
582.8505
587.9919
608.7708
609.5189
623.5478
629.8627
636.4722
5.4560
13.0950
21.1719
27.5889
33.5421
38.1841
45.0624
52.3122
78.8158
83.7676
91.6394
99.5472
104.8933
109.6033
113.7302
124.4912
132.5263
141.0461
149.2720
161.7201
169.8351
181.0677
186.3198
190.7505
193.0552
204.2785
213.6838
219.9377
226.1529
233.7204
241.2770
264.0248
269.0123
272.0787
271.7722
273.6459
284.3461
298.7130
305.5362
307.4232
325.7711
345.2438
351.8439
361.7316
361.7985
367.0274
369.9734
366.5959
366.6153
381.2746
409.0045
424.5796
429.0856
433.8175
437.8580
446.4358
453.7173
461.9637
471.1104
477.1892
479.5899
484.8476
509.2981
514.1351
520.2817
524.2610
531.5059
540.3646
542.8165
546.4313
565.1129
576.6885
579.9791
582.0612
586.4073
609.4855
609.4158
622.2153
629.7258
636.5526
4.6947
12.9578
22.9333
28.8714
33.7272
37.8187
45.3897
46.4990
73.9088
84.9891
97.8594
99.3887
106.7242
111.4680
115.4798
125.3118
131.2968
140.6950
150.4160
160.7246
167.6158
181.2755
185.6938
189.5173
192.2286
203.9011
213.9343
217.5802
221.9235
233.4267
242.1393
265.8801
270.6589
272.5381
271.9563
280.6553
288.7166
291.5141
299.6458
303.2485
326.9267
334.7129
344.2723
361.9973
363.5464
364.7770
360.4134
376.4936
368.6628
391.4343
418.3752
423.0701
428.0867
431.9724
435.7215
444.7785
455.6942
464.1411
469.9186
474.4599
477.2943
486.3127
508.4421
514.0912
519.0895
524.1830
530.3450
537.8135
543.1791
546.3020
566.3718
577.9659
580.6240
581.6840
585.3348
609.3966
609.6369
622.9153
628.9993
636.7896
4.2776
12.8736
24.6760
28.0345
33.5341
37.5084
45.3439
49.2109
72.7144
81.4154
95.6574
98.0771
103.4752
109.8992
117.4769
126.6411
131.2900
137.5395
152.6566
157.7794
163.5845
177.9974
184.1950
187.9517
189.9197
203.2802
214.6520
217.4759
221.1641
231.5495
244.1150
261.9311
271.2144
272.3400
273.1380
294.7034
295.9270
300.6172
307.8405
308.4279
321.3757
330.8664
330.8844
337.0403
357.7169
364.7973
360.9154
366.8327
386.1273
401.1129
414.3593
423.1464
428.1721
432.5725
435.8412
442.3427
456.2645
465.7903
469.2304
473.3454
475.4808
484.4799
507.7883
515.1121
520.7482
524.4388
530.2588
536.8533
542.9724
547.5251
567.1917
577.3867
580.6126
581.7474
586.0849
606.4513
609.2504
624.6255
628.3986
636.9510
4.0335
12.7392
24.6479
25.8987
32.6922
37.5443
44.0448
50.2913
72.9157
79.9954
92.8352
96.2266
99.2404
104.9418
118.6605
127.8938
130.5336
133.5737
150.7348
155.9731
161.6203
176.8409
182.7129
185.4296
188.0157
203.5995
215.2592
218.6044
221.5509
231.4882
241.6392
251.6552
269.0805
271.9823
276.2120
300.0006
299.4680
308.8497
311.2408
315.1360
322.9839
330.2625
329.0815
334.0477
338.5479
362.7599
363.3113
367.8997
386.0104
401.5614
412.2157
422.8510
428.4591
432.5903
436.2751
441.9792
456.4733
466.9177
469.3664
473.1450
475.9453
485.8636
503.9194
514.4935
520.7123
523.4692
529.5441
536.7814
542.6985
550.5120
567.3466
575.5691
579.7714
582.1506
587.9301
604.2302
608.9131
625.2324
627.9856
636.9167
3.7166
12.3437
24.1414
25.9950
33.9793
38.7849
43.9747
51.4105
72.7781
80.4703
92.8223
96.4076
98.6765
103.0213
119.2152
129.1932
130.5871
132.8987
149.6044
157.4426
163.3663
176.3516
180.0969
183.4010
187.5435
204.3066
214.5776
219.8357
222.0576
230.5309
239.8783
251.7258
263.9827
271.9341
276.3423
298.5269
296.0038
308.9150
312.7608
317.6533
319.5707
329.8829
330.5501
338.3976
338.2574
362.6859
366.9468
374.1894
387.1906
400.8829
410.9140
422.8915
428.1664
431.3338
434.6750
441.8065
455.5931
466.6355
470.0278
473.9052
478.7136
489.8410
497.9755
511.9424
520.4186
525.1986
529.8546
534.8821
543.3973
555.8529
568.0072
574.2433
577.6995
581.8167
589.7551
603.4878
610.5723
625.7885
628.6891
636.7545
3.4519
12.0078
24.0614
28.4196
35.3275
38.5624
45.3558
55.7949
73.6656
80.9132
93.0718
97.1503
99.0653
106.1546
119.5703
129.2520
130.8271
133.3278
151.4162
159.1614
165.8421
176.9698
179.1156
182.6661
188.6547
205.8108
213.3934
221.8836
223.3176
229.4531
239.4710
252.7162
263.2681
270.6112
275.9090
292.6223
293.8326
304.9855
313.3563
317.5611
318.3534
320.7959
329.6923
339.3210
351.1611
367.4465
371.6898
376.9784
387.2112
401.3015
409.4540
423.1256
427.8563
430.8113
432.9984
440.2230
452.9469
463.7075
469.7438
473.9162
479.7118
491.5250
495.9376
506.2190
523.5175
527.9883
531.0381
536.3348
547.3228
558.4340
567.5745
574.0731
576.6307
581.3862
590.9092
603.3800
611.5802
626.1497
629.1239
636.5527
3.3242
11.2737
24.2110
33.3062
36.1005
38.1772
48.2585
59.5340
74.0682
83.6635
93.8777
97.8928
99.5075
109.7041
116.6559
129.7387
132.1001
134.1825
151.2040
159.4463
165.8566
176.8280
178.9625
182.3936
190.6699
206.5244
213.2979
221.2234
223.2610
228.4567
238.9101
252.4833
262.5065
269.6918
276.4238
288.8676
294.2470
307.9243
314.6851
317.9532
318.1597
319.2499
335.9074
340.6431
347.8004
360.4371
371.1625
377.1823
386.9532
400.3080
407.4057
422.3931
427.8916
430.7337
432.6278
436.3490
451.1979
462.0460
466.0528
471.0213
478.1235
491.0251
495.9770
505.1221
525.6544
529.7159
534.1616
540.4407
550.1031
558.1052
566.6833
574.0436
576.4717
580.5452
589.7746
603.4890
612.6488
625.9305
628.7136
635.9829
3.2889
11.0705
26.0341
32.8353
34.4557
38.0148
49.0740
60.7108
70.6386
87.4059
95.1619
97.8571
99.3188
107.6638
117.2388
131.8403
134.1450
135.5120
146.1907
159.6791
168.3285
176.7963
178.7942
182.3646
191.7983
206.0036
213.6786
219.4055
221.9239
227.9590
238.6138
251.5288
262.0807
268.4446
276.1057
289.1764
300.8930
310.0157
317.1977
320.7620
319.4923
321.6272
338.0359
340.1241
342.7143
358.7073
368.5135
375.5535
387.6232
401.0450
405.8030
421.8082
428.5260
431.1219
432.3050
432.7685
447.6000
462.4286
464.3779
467.5633
476.2980
490.8380
497.2649
506.1247
521.8361
532.3707
539.3135
543.5624
548.5591
556.9340
567.3880
574.5076
576.5756
579.8715
588.4617
603.8931
613.3434
625.4894
627.7100
636.0923
3.3964
11.5713
24.9914
32.6793
34.1433
40.4323
51.1670
60.6095
71.6940
91.6010
97.7122
98.5513
100.1772
106.9355
118.7614
132.1809
134.7871
136.1911
142.7242
160.8661
171.0989
177.1665
178.5359
181.9208
192.1587
204.4186
214.1432
219.4842
221.1281
227.7783
241.8622
250.3068
262.5686
269.2660
276.3163
288.2135
300.5405
310.8375
315.7181
322.0724
321.3450
322.1510
334.7394
338.6343
342.0977
358.9250
366.6593
367.0715
386.5688
402.1234
406.3951
423.4943
429.2017
430.9844
431.0774
431.0312
445.0515
465.0466
464.5604
466.1072
477.4646
493.5266
507.8121
517.5735
529.1506
532.6090
540.9806
544.3159
548.4579
557.7799
570.5295
575.2888
577.3953
579.2781
585.4841
604.3795
612.8676
625.3868
627.3027
636.7983
3.4449
11.9797
22.3784
32.9309
33.6386
46.9084
54.8855
61.6149
73.3669
94.4061
98.5940
100.3328
102.5186
108.5367
119.4718
130.5188
133.6092
136.1152
144.7711
163.1617
170.6660
176.7080
178.1587
181.8120
191.8424
202.4798
214.3667
220.2862
221.7332
228.0318
246.1488
258.5312
266.4947
272.1703
276.0349
277.8270
295.6266
310.6555
315.0381
322.5389
322.3555
320.8093
322.3810
336.7969
348.2518
367.3300
366.6418
365.7358
381.0545
398.8076
407.3973
423.3741
428.8170
429.9757
430.1201
431.3604
449.5359
465.8778
465.0984
467.3036
483.0448
504.3592
523.6742
523.9828
519.1500
514.0632
519.4739
537.4763
546.4835
558.0510
572.7902
576.9657
578.3123
579.5316
584.3094
604.6841
611.7740
625.3187
627.7534
637.3353
3.5289
11.9708
20.5505
32.6260
33.8640
51.1078
60.3755
65.4855
72.8437
89.7586
95.3363
99.6677
103.6201
108.6544
117.1102
127.2227
130.1247
133.8665
148.0711
163.1068
170.7583
176.3256
178.1218
183.0297
191.4776
200.2999
215.3504
221.3923
222.6125
228.5291
251.5232
266.3491
275.8508
277.3961
280.0463
277.9702
285.7686
303.8818
313.8929
322.3282
322.4100
321.2034
320.8175
336.1114
364.8781
368.4778
366.3277
365.7165
386.7374
392.7095
410.4308
421.4961
428.2103
429.4325
429.4540
436.0730
453.7418
466.9832
471.8097
483.9388
503.8704
515.3069
522.6724
516.4575
516.2167
514.3281
515.6606
517.9274
538.6764
560.4394
576.8148
579.2957
579.3207
580.1014
586.5259
606.3386
613.9005
625.7772
628.5698
637.3129
3.5663
11.8057
21.2753
31.8799
34.8998
42.9819
60.4030
67.3671
72.2125
82.6448
92.2954
99.1246
103.7330
108.0386
115.1797
124.5807
128.3808
134.5048
147.2415
161.1459
169.3805
175.1435
179.5597
187.6957
191.8356
201.2966
217.2997
222.4452
223.0843
229.9581
247.1103
260.3661
272.5539
279.8111
281.6322
278.9378
276.4901
293.0792
304.2299
320.5056
320.0103
321.3229
323.2193
342.4498
367.7988
368.3544
367.0569
369.7124
386.2234
398.1130
413.3378
420.0688
428.2050
430.7184
433.2506
443.2288
459.8950
472.1606
489.4384
498.1398
507.9842
510.5179
513.9383
514.8286
515.4030
513.0948
517.4873
520.4033
537.1091
565.5079
582.0736
580.1576
580.5497
581.3745
594.2118
609.2828
614.8414
625.5524
628.2974
636.9397
3.5541
11.6232
22.0314
32.3893
35.5103
42.1969
57.8447
64.5984
67.8273
74.6908
89.2748
97.6594
102.8292
106.3696
111.8436
125.4908
130.1913
137.4616
143.7313
159.3128
167.7482
170.1357
182.0592
190.6103
192.5107
206.0585
218.9169
223.4465
223.7088
232.1032
244.9230
259.8159
268.5961
281.2499
281.9414
280.3710
280.5880
289.7180
297.2595
316.4103
318.8188
321.7214
324.5491
339.1153
367.9315
368.6260
370.2626
375.4103
387.0035
405.0584
414.5766
418.6437
425.4741
429.8999
435.2080
454.2769
470.7638
482.2469
490.9872
497.7996
501.7029
503.4173
501.2662
509.7951
511.5984
514.5808
527.1428
532.7443
542.7418
570.8269
581.7108
579.9348
580.8432
582.3652
598.5872
609.2567
614.8658
625.4205
627.8712
636.4442
3.5351
11.7944
21.8086
33.4116
34.7163
42.0359
56.4743
63.0541
67.7049
72.8932
84.4825
94.3668
99.7541
103.0101
109.9675
128.4513
138.5011
139.6514
142.6718
159.6794
168.2857
171.6804
182.7578
190.1900
195.1176
207.2672
219.7839
224.7288
226.4304
234.1433
241.4152
256.5459
266.6535
280.5193
281.1484
282.5692
290.5136
294.4219
300.7129
318.9057
321.5347
324.1658
324.6784
334.4564
360.4691
368.9753
372.7189
373.9470
381.2427
393.1649
412.1931
418.3029
421.2074
430.0632
435.1434
456.3260
476.1531
482.0868
488.1583
486.4462
488.9383
498.1534
500.0833
502.2744
506.8522
513.7709
528.2666
535.2785
546.1527
571.3259
578.1906
578.8042
580.1879
582.0491
599.9796
607.3608
610.4529
625.1141
628.3536
636.2941
3.5921
11.8353
21.2166
33.7426
33.9803
41.5109
55.8245
62.8422
69.8627
74.0430
83.0976
90.5827
95.3539
100.1069
117.0592
131.3891
140.2713
139.7025
142.1348
160.2951
170.0114
174.0115
182.8362
188.6879
196.5595
207.3895
218.3286
223.7178
229.5079
235.1403
239.9635
253.0984
265.3726
273.2579
276.3583
276.8989
283.5786
293.5424
297.5356
317.3932
322.0837
317.1467
324.0803
348.7173
363.2445
371.7547
375.1075
381.3521
389.4180
391.8578
400.4020
412.8574
418.2889
428.4702
442.3093
461.4931
470.0682
473.4514
478.1581
477.1882
478.8519
494.6476
499.2203
500.8820
506.6896
513.3374
525.1749
536.2069
547.6466
570.2534
575.4542
576.7581
579.1200
581.6835
596.4354
606.3875
606.9905
624.5782
628.9443
636.3792
3.6664
11.7851
21.2773
33.9021
34.2884
39.2894
55.2773
62.0154
70.1069
74.9326
83.8299
88.8363
92.5523
101.3221
135.9624
134.1830
140.0135
140.0700
140.6849
157.8870
170.0998
175.7560
181.7990
186.8167
197.0970
209.5306
216.8946
221.8742
229.7821
235.2048
240.1156
250.1910
263.3983
271.9819
277.0490
277.6125
285.0455
303.6576
309.9182
315.1923
340.8331
351.9847
354.7833
361.4076
364.0768
370.3671
375.5107
388.4586
391.9746
394.4820
398.2925
407.1401
418.0833
432.6786
459.1766
466.5184
464.1904
468.3198
471.5382
474.6699
476.9675
493.3139
500.0001
502.7906
509.0746
517.4473
525.9262
532.4297
542.1459
566.5194
574.4599
576.2778
578.2426
581.4358
596.4043
606.9833
607.6923
624.5955
629.5133
636.5850
3.5851
11.2672
21.9841
33.8682
34.2031
40.2489
55.3645
59.2056
67.7080
78.4728
86.1475
89.0892
91.9301
109.0061
137.2904
134.2457
139.6970
139.7612
139.7395
157.0922
169.4050
175.4441
180.6093
185.4002
196.4780
209.7933
216.2028
221.3658
228.5228
235.7985
241.4458
248.1528
261.0924
270.0727
279.3887
283.4637
288.1656
303.0010
312.1887
315.3286
326.8226
346.2967
356.1546
357.8409
359.5144
360.2109
373.4117
389.2925
391.9796
394.3658
397.9862
403.1613
413.7688
433.0405
457.6102
465.7942
459.8127
467.8381
472.2366
474.4505
475.4948
491.0138
501.7780
505.5294
513.1841
522.3606
525.9457
529.2151
535.4833
564.0931
574.4255
576.9851
578.1708
581.4147
597.7329
607.6974
612.2046
624.8391
628.8010
636.6628
3.3409
10.8367
21.8607
35.1392
34.7735
42.5247
55.0453
59.0306
68.5218
84.1824
90.6404
92.4500
96.5582
118.7611
134.6388
131.8089
138.9560
139.2673
141.7078
159.1637
167.7057
174.3925
181.6599
186.9550
195.5007
208.7587
215.0391
220.2428
227.6368
236.2550
242.4551
247.4104
257.8914
271.0605
277.9777
281.5321
287.1373
301.0859
312.0067
314.9473
325.4620
335.9808
353.6439
356.5892
358.1984
358.3609
364.7081
383.8734
390.8959
393.7294
398.2445
402.5681
412.8761
427.0620
450.9733
459.9923
460.8654
468.3187
472.7624
474.9954
475.0703
489.0039
500.2785
506.7188
512.5704
523.8223
527.4525
530.2915
543.0593
566.2817
577.1807
577.8092
578.4648
581.3981
597.9256
607.7820
614.4062
624.1471
628.5253
636.6903
3.1136
10.0891
27.4091
43.4822
39.8788
42.1442
54.0911
61.4756
71.4957
91.2990
99.4454
101.0770
108.8750
121.4056
130.9030
131.8702
135.7888
139.4661
142.0369
154.7489
164.3907
173.7056
184.2793
189.7067
196.0799
207.1455
214.5233
220.2467
229.1957
236.9875
242.4062
248.8154
258.4195
273.7364
275.7860
277.5256
282.8550
301.3138
311.5878
314.7914
325.2771
334.4699
353.0087
357.6533
359.8910
361.5482
366.2139
380.6524
388.7872
393.1672
398.8613
403.5258
413.2892
424.0988
447.5560
457.9296
465.2475
473.8807
472.8439
474.3231
474.3357
488.0361
498.4504
503.0689
510.4055
521.2283
526.6453
534.6304
546.8116
568.0273
578.5035
578.6049
579.4760
581.9585
600.4584
608.8351
614.8319
624.7472
628.3853
636.9520
3.0500
10.1464
32.8091
40.3781
34.4720
34.8668
43.6509
58.4278
70.1532
92.6533
101.1893
103.7075
112.7401
120.8160
126.2242
131.1623
135.6853
139.3387
143.7704
152.5749
160.2254
172.6849
185.0436
190.7837
197.0316
206.7936
215.6557
222.0353
231.1088
237.6339
242.3405
251.5142
264.0160
273.4771
274.8640
276.1267
280.6622
303.1361
311.2241
314.8762
325.1120
333.8531
350.0783
359.3581
364.6870
368.2823
371.5145
380.1151
386.1814
393.6956
400.9811
404.8004
413.8277
422.3336
447.0383
455.8698
459.9761
470.4337
475.7620
480.6094
479.7119
486.9479
495.2799
497.2149
506.0746
509.4154
516.4677
532.1205
551.7638
573.6491
580.1525
580.0500
581.1631
584.2832
605.6507
613.5673
615.1335
624.9174
629.6985
637.1083
2.9776
19.2710
31.5519
36.8629
34.7777
40.8630
45.1798
53.3136
59.3308
76.8976
95.5387
98.3014
109.3893
120.1497
124.1161
127.6638
132.3403
137.1108
143.8065
151.2802
159.9806
172.3779
184.6606
191.2558
197.7806
207.2657
217.1639
224.9229
232.5118
238.9345
243.0408
254.6759
264.8784
271.4812
274.3843
275.2293
281.6553
304.5033
311.2749
315.1656
325.2668
332.8453
343.6089
356.5246
366.3449
370.7788
373.2540
376.2229
381.4781
395.5980
403.2243
408.2620
416.7636
422.0605
443.6858
452.0551
455.5536
461.9350
477.0420
484.0759
484.7610
486.5604
489.4648
500.8886
520.8062
529.3712
532.7511
541.5168
562.1823
560.6167
580.5647
583.1108
584.9624
591.9535
610.9888
615.2601
615.5597
624.7664
628.7292
636.6046
2.9231
17.3735
28.1207
33.2900
35.1351
43.0424
47.1565
52.9908
58.6074
70.1554
92.6096
94.8019
102.4265
112.3771
119.1056
126.0373
130.8075
136.6662
144.8866
151.8170
161.4270
172.5222
181.6287
189.7597
196.8802
206.8554
216.9391
226.4081
233.6085
240.2329
245.0533
256.2019
266.2743
270.2286
273.6748
275.3755
285.2057
304.5210
311.1297
315.0691
325.3401
332.7401
342.1795
354.1199
366.3390
371.3130
373.2908
374.7914
378.0928
391.6266
406.0639
415.0292
419.9111
423.6654
436.9802
445.9865
455.0887
461.9886
475.2877
482.7557
484.5215
486.5197
489.0157
508.2932
531.7242
536.4269
544.0181
550.5089
557.2026
557.1708
564.9697
583.1906
587.3621
600.2777
611.2720
612.6926
614.7325
620.7220
626.8900
635.9253
3.1657
17.2447
21.2129
28.8985
36.5073
43.9158
48.3935
55.4470
60.1461
69.3090
90.2070
93.3982
98.8987
109.1067
117.7660
124.5204
130.0329
137.9585
147.3431
152.0921
158.6942
171.9355
180.4776
188.7028
196.1472
206.9738
215.7457
224.4024
232.6964
239.3012
247.7831
257.3938
268.8040
271.8198
273.3100
275.8593
288.4283
302.4286
311.3946
315.4399
325.2229
332.0833
341.1628
353.1262
364.2355
371.1166
373.1745
375.5758
379.9960
390.9560
411.2370
419.6623
423.0986
425.5917
431.6857
439.3359
454.9756
460.1525
468.5950
476.1707
481.3157
485.1252
494.4718
520.0405
531.4768
541.5508
546.8035
548.4238
553.8348
555.8500
561.0050
584.9399
595.6835
604.4847
607.6904
609.7565
613.5684
616.8820
626.3913
636.4954
3.6511
16.1707
18.9440
24.7895
33.1737
44.1339
53.5575
58.4714
65.4099
75.1154
89.6734
94.5174
100.1239
109.3456
117.8320
123.4527
128.9765
139.4870
149.2884
152.2311
157.8466
168.7322
182.4854
188.6771
194.6712
205.8471
214.4391
220.5232
230.7365
238.4520
247.2251
257.1483
266.7426
273.1142
274.7579
278.1721
291.7455
300.4689
311.6782
315.5029
325.2404
331.8717
341.1115
353.2396
359.7609
369.9638
373.2113
377.9618
383.9841
391.8389
410.6709
421.5205
424.2463
424.6826
430.0661
442.9617
454.8978
461.7457
467.5799
474.3209
476.3328
487.4072
516.8956
518.4709
529.0228
537.4526
541.9919
545.9656
549.2236
550.3490
565.4203
589.0723
597.3620
601.8799
604.6113
608.0770
610.1893
614.7799
626.5950
637.0010
4.4077
16.1135
19.3224
24.7784
29.3764
40.3486
51.0620
63.8551
70.4824
79.9687
90.1432
94.7808
99.2861
109.6141
119.8762
124.0039
129.1459
142.5386
151.0924
154.1766
161.0638
171.9250
181.3058
186.1665
192.6829
205.3548
213.8012
219.3748
229.3828
238.3899
245.6853
255.9494
265.7748
273.7287
277.8668
281.5308
293.0546
300.1777
311.3060
315.4529
325.3357
331.7421
341.0328
354.6197
359.7318
366.8493
374.1971
380.1279
385.0497
390.0589
407.0589
421.0292
423.6341
423.1422
426.4807
447.1690
456.0443
462.7426
467.4399
474.2385
477.8043
486.2029
509.4957
519.2418
526.2661
529.7198
539.1913
545.5400
546.6820
552.1229
576.1622
589.3569
593.8048
597.9028
603.1077
606.2602
608.0173
614.7852
626.2406
637.1157
4.8704
15.4280
18.3367
25.4522
28.2244
38.3362
49.7974
64.5599
72.8352
83.3525
89.5681
93.4736
96.2882
101.2039
119.7996
125.7555
132.4126
145.5609
152.0186
155.9321
164.4889
175.4355
180.4267
183.3624
187.9173
205.5973
215.6798
224.8275
230.8867
239.1614
245.3771
256.3978
275.2984
280.3859
283.3525
283.2724
291.8663
299.8672
310.6852
315.0135
325.4935
331.7932
340.5870
354.7551
359.3131
364.0076
375.9740
380.1787
384.4388
389.2451
404.6805
418.7966
421.1468
422.0346
423.4277
447.1998
456.2213
461.5815
467.5533
475.0840
479.0199
484.6353
504.0368
520.9852
522.9473
525.6371
528.9236
541.3817
550.8755
565.0445
579.3647
585.2263
590.0814
596.3331
601.4017
604.5432
606.9879
615.2328
626.1765
637.1266
4.8589
14.9748
17.0268
25.7581
30.3135
38.7108
49.4100
60.8102
71.9830
84.7254
89.3747
91.6688
94.7183
99.5249
114.9299
128.5325
139.6323
147.5585
153.1541
158.2889
165.7025
175.7928
179.8339
183.1501
187.3017
202.0001
214.4595
230.7955
234.6295
239.4442
242.5203
261.0700
284.6322
280.4113
276.5536
271.6016
279.4367
287.5685
309.7126
315.7359
325.5775
331.4422
339.9301
354.6983
360.7783
366.8899
378.2204
380.5641
385.4247
392.4829
405.9026
415.8505
419.5498
420.1923
421.9661
438.1877
454.5349
461.9039
468.0670
476.9215
480.9415
487.1417
501.5925
520.6680
522.4518
525.1473
526.9385
543.9886
560.9877
571.9662
577.7590
582.4387
588.8184
594.6405
599.3541
603.2565
606.2584
617.0009
626.2143
637.1671
5.1975
14.2577
16.0871
25.8031
33.4307
41.4716
49.3037
58.9296
68.8900
84.3250
88.5328
91.6841
94.5984
101.7983
108.8649
123.1539
145.5481
148.9335
154.2133
158.7715
162.9714
174.0755
179.7736
184.7460
192.3644
202.2757
227.5916
240.7321
243.9622
242.0927
244.4026
255.9141
279.7880
276.0316
274.3694
273.2927
278.3844
280.9150
299.8444
315.6562
325.8794
331.5621
341.6255
356.0730
361.0426
370.6240
379.9217
383.6270
388.1002
399.3566
407.0175
413.6628
417.0317
418.4792
421.9069
434.4104
455.6345
463.5605
468.0301
476.6663
482.2803
491.3430
500.4155
519.5298
522.5023
523.7201
534.3936
552.7900
564.7684
568.1453
573.7027
582.0810
587.5051
592.5035
597.5560
602.4954
608.4398
618.3097
627.0065
637.1934
5.9497
13.1464
14.2306
24.8030
33.3323
42.0311
48.5728
57.9642
67.7909
83.3506
87.8353
91.9188
94.3878
101.6620
108.8540
120.0404
145.3772
147.9876
154.3003
158.8041
162.3994
168.1107
179.1264
188.2166
197.2779
208.5218
227.1549
239.1650
241.4727
241.2921
243.6188
259.1032
273.0176
273.9347
274.0731
279.6392
281.5129
284.3066
290.9982
315.1390
325.6998
331.3199
345.5455
358.3015
361.7476
370.8168
381.1655
387.9659
391.8761
402.6638
409.3942
413.1628
415.5317
418.0259
425.6948
439.0707
460.8040
465.6880
466.1940
473.3141
487.3875
496.1175
500.3957
516.3206
524.5083
529.6786
544.4432
554.4618
557.2080
560.5568
569.6486
579.3757
584.3676
590.2505
595.9487
602.1475
611.3727
619.1090
627.4712
637.2223
8.4264
12.6072
12.8850
24.0858
31.9338
41.8982
48.5873
57.5123
68.7083
82.6004
86.7814
91.3759
92.8359
101.0842
109.0333
124.0660
143.6677
146.4188
151.5208
159.5021
163.5208
167.1487
179.1370
192.9156
203.8298
216.8829
226.1802
232.2215
238.2116
243.2938
246.7263
253.6429
270.6125
273.6368
277.3780
282.5654
286.0562
290.2952
296.9023
313.0169
325.3843
331.1084
342.0161
358.1175
360.9961
376.0086
384.6497
388.9869
394.7174
406.1499
411.1670
413.2107
415.5741
420.7631
438.0867
447.0335
457.1353
465.3232
466.2097
472.4391
492.6811
497.5786
501.3318
516.1703
528.0933
535.8699
546.0877
548.7032
551.6913
557.8052
565.7627
574.0545
581.1586
588.4420
595.0220
601.3854
611.3498
617.3812
626.5536
637.2435
12.5195
14.1482
13.1868
24.4404
29.3656
38.9208
49.3699
62.2637
72.7469
79.6424
83.9688
89.4382
89.8894
95.8531
108.1577
129.4061
139.1143
146.2379
149.9253
160.3223
166.5575
169.3065
180.3583
194.7229
206.0745
215.7726
221.5607
227.9211
235.4757
241.9077
246.1300
255.4632
266.1661
275.1620
283.6222
283.0137
284.5831
291.4507
299.7582
309.8795
325.3879
332.1714
338.9511
353.2023
360.1558
374.7413
385.0947
392.1382
398.3252
406.6581
411.9996
413.9699
418.3903
434.5376
444.1202
449.6211
452.9606
456.2925
465.6208
476.3729
495.2745
498.2666
501.9611
510.4106
524.1589
533.4720
538.6033
545.3071
550.6932
557.4465
564.1876
571.3870
579.7157
587.4846
595.0632
600.8181
609.6960
616.9353
623.8639
636.9711
13.5491
14.8938
14.1195
24.0408
29.1336
38.7387
52.9332
62.3484
70.3542
76.3255
80.1347
85.0453
87.6756
93.0622
112.8342
133.0140
138.5004
148.1132
157.8861
159.6147
163.8110
173.8701
183.9727
197.1093
206.4134
215.4481
221.0944
228.5892
235.2415
239.8205
244.5029
258.3400
264.4489
274.7369
284.0594
283.3194
285.2443
290.4781
299.0386
306.6348
323.8085
335.9443
344.6462
350.7303
358.3670
370.3592
381.8168
391.4812
400.1309
407.0904
413.4920
417.3767
427.9494
438.2438
446.1066
452.2535
453.0208
453.3361
461.2317
481.2636
495.5524
498.3773
504.9628
515.6523
525.7650
529.6213
534.2529
542.7690
548.5076
555.1289
562.0126
569.0781
577.4993
585.8264
594.1489
602.9467
610.9725
616.7690
622.8632
635.9475
16.6502
20.5085
23.2003
28.7681
33.6880
43.9518
51.9951
59.4358
65.6831
73.3398
80.2591
85.0107
87.1132
99.0174
115.7338
125.4444
134.7292
139.2979
144.9879
149.9021
159.7318
171.7194
182.1741
189.3714
198.3186
206.0665
215.1852
222.8166
235.0168
239.6188
244.3823
258.2465
272.4135
278.7043
283.8823
284.7604
285.7296
286.9077
292.5781
299.1833
318.3295
335.9233
343.8229
348.3171
353.6442
363.2334
373.3082
382.2179
390.8817
401.5105
410.3869
416.5284
424.3456
433.4672
440.2372
447.3256
452.4316
458.0792
465.3465
475.3264
485.0734
494.9280
504.0666
512.4472
522.1927
527.1936
532.7145
539.6919
546.0513
553.2758
560.2740
567.8486
577.4105
585.2772
593.1558
599.7826
604.4011
609.0613
616.5542
621.4729
18.2043
24.8177
24.3900
31.6624
36.4011
45.3066
52.2944
59.5707
66.8651
74.3969
80.7943
87.8226
95.5929
107.5174
116.0484
126.6009
135.1822
139.8898
148.1165
153.1897
160.5899
169.3623
180.1394
187.9843
198.0343
206.1825
215.5026
223.2712
231.7384
237.9919
245.1630
256.0575
274.6801
282.6672
284.7872
287.4145
288.1578
292.5128
299.5540
309.5872
322.2720
337.0155
343.7794
349.1202
355.5471
362.6187
371.1925
381.5183
390.9691
400.4662
409.5372
416.6552
424.4221
432.0992
438.8985
446.6076
452.8781
460.0544
469.1855
478.0154
485.3403
493.4276
501.4100
510.4603
519.3525
527.0535
533.9965
540.8104
547.7175
555.1509
562.3668
570.0493
578.6577
585.7028
593.0405
600.5352
605.9810
609.2900
612.1083
619.0084
21.9828
22.3278
32.6564
61.2464
81.4826
95.1276
101.9627
110.5922
126.6044
158.2387
177.6660
191.3472
196.9231
206.5329
235.6453
259.9536
270.5860
276.5431
292.1558
309.1502
327.0764
344.1801
358.0221
371.5538
382.8834
399.2992
416.5984
431.9492
446.7451
461.7342
478.3828
495.1149
512.0718
528.3599
541.4496
555.4081
570.8752
580.4776
598.9998
630.3680
22.0769
22.2647
40.7762
69.5206
73.1714
76.1835
98.2480
110.6667
136.4657
165.4067
183.1109
190.3076
190.0356
198.1332
221.3732
259.0202
265.6365
271.0886
286.8890
316.4372
337.0185
351.1679
362.8034
367.6262
383.5813
400.3824
418.6221
433.5989
448.0306
462.3878
478.3068
497.2825
515.8149
531.4632
544.7952
566.7874
576.6115
581.0443
603.4816
633.6589
22.2970
24.8738
46.1338
65.4060
69.0721
72.6182
89.4529
118.1105
143.7598
154.7835
179.2192
186.5846
192.4615
203.7296
219.3125
261.8198
268.3004
285.3453
288.1486
316.0329
342.1299
353.3635
357.5297
358.5363
368.0172
402.7808
434.5743
451.9312
459.7222
464.3255
473.6072
487.7237
526.2847
546.5607
569.7293
585.6075
587.3379
587.8794
608.7775
633.0369
25.5979
40.3361
41.0351
58.9852
68.0944
76.7794
101.7239
128.4276
149.9666
167.7851
179.2119
185.4118
191.3223
203.3054
244.2271
263.1174
264.9672
266.6243
283.2477
326.2864
349.4987
355.9856
360.2651
365.2527
372.1124
396.7659
436.2237
456.3065
461.2167
466.1272
472.6935
487.1600
522.8267
551.2251
578.5414
588.7068
589.2462
590.4116
613.3140
632.4662
25.9338
40.8363
39.1420
43.4586
66.2658
92.5697
109.2119
124.5777
146.2280
167.5428
176.2525
179.8617
181.2488
197.8038
256.4158
265.5718
265.7272
265.1775
270.6525
322.9401
352.3030
357.1084
363.2964
366.5782
371.9851
391.8117
424.0962
450.1440
457.3353
458.9834
468.0739
513.8939
533.2365
537.2029
545.2083
578.4752
588.7666
590.3500
622.4099
632.1869
19.8111
40.9003
39.4806
43.8302
75.2036
95.0158
107.2281
125.7607
155.1734
172.9360
175.2158
175.5146
177.3299
209.8580
258.6431
265.8492
266.3817
265.2659
269.5247
314.2909
352.0714
358.4301
364.9505
367.5987
372.3741
394.3113
422.4835
439.2899
447.4628
453.0470
466.1089
523.3610
543.2701
545.2733
545.4360
545.4397
569.9514
589.3464
621.5590
632.5905
13.0882
40.9939
40.9543
49.4679
83.4183
96.7469
106.3260
135.8770
158.0380
170.1443
174.9961
174.1920
178.0250
190.0817
255.8586
265.0049
266.0929
266.1762
271.9955
304.1541
351.4819
358.9237
365.1852
367.9782
375.8653
394.6591
423.9794
436.4715
443.1348
449.0953
476.6313
534.0342
545.3361
545.1585
545.5157
545.8071
550.6689
606.7687
621.5030
633.4536
13.2297
40.8286
45.3423
57.3804
83.9897
94.5627
115.9484
141.7040
151.8253
169.1274
177.3758
177.2673
184.1554
201.2878
238.8540
258.8477
262.7864
267.2209
275.6924
297.5792
349.6841
357.9037
364.9841
368.1551
382.1700
412.0072
431.2832
447.9843
459.0135
457.8980
474.5407
536.9314
545.5260
545.2312
545.5037
545.9181
551.8511
610.6473
619.2200
634.0750
11.5885
40.3320
44.0155
48.5229
89.0181
112.1017
133.4580
142.9524
149.6670
165.9315
177.5378
182.5643
190.3900
217.5349
234.6730
244.0790
258.1201
268.4212
276.0750
293.6236
344.5259
357.5184
361.8116
368.7537
398.8930
410.5084
419.6616
447.9506
466.8420
471.9742
478.7360
536.1204
545.3101
545.3378
545.4308
546.0141
559.8625
607.0844
613.2292
634.3912
7.7047
39.2402
40.0272
40.8918
68.3067
126.8302
135.9427
144.5928
146.7183
156.0667
172.3968
184.0251
197.1584
224.0786
237.8726
241.3676
250.0084
267.1386
276.4343
300.5771
339.7208
357.3180
368.1613
385.0020
400.1921
401.2866
409.8365
436.2415
475.9664
492.9047
495.8048
509.7881
544.0439
545.4618
545.6439
550.0977
572.0453
605.9886
611.0650
634.7507
6.3082
35.8749
38.4946
42.3335
55.1257
129.4959
133.3647
126.8854
121.8284
140.6326
165.7140
185.4037
210.9222
233.9581
243.4084
243.2418
245.4726
261.8699
280.1754
327.7956
337.0836
349.1099
370.7923
399.9823
400.4089
400.5047
404.1321
417.2056
441.7138
490.9627
510.4947
521.1495
530.6122
542.2933
556.4688
565.6803
582.4893
604.3211
609.6432
634.9350
6.2690
20.7795
38.8094
46.0117
57.5734
130.7668
126.8931
118.5207
115.8890
119.5310
156.7431
188.1978
217.0267
220.8395
244.2176
249.7901
252.8583
267.0542
292.1229
333.2010
335.4262
338.3110
369.3865
400.4135
400.6061
400.8736
406.2158
418.1357
432.9753
457.2714
510.1094
525.2458
530.0538
545.9305
558.9208
564.0746
568.9308
586.7653
604.2698
634.9328
6.6360
15.3574
37.0939
50.9086
62.6881
102.0649
119.2835
118.8515
120.4620
126.8234
147.9247
205.8077
215.6082
215.0248
222.9708
250.3297
253.1477
264.0540
288.1533
333.2718
334.9253
334.8027
367.1687
400.0300
401.4047
403.2724
410.3726
420.6786
436.7140
447.7354
482.5428
530.4663
536.5149
556.5578
561.0582
561.8682
565.1652
578.4980
600.3929
634.7440
7.4418
16.3608
41.3053
69.0214
70.3170
72.1465
118.4980
125.6896
127.2382
129.2105
142.8890
206.5961
215.5585
214.9480
216.1071
250.4934
254.9611
273.5028
282.6547
328.3123
334.4074
334.7504
365.2054
397.1534
405.2684
408.0178
414.7566
434.5030
444.1833
447.7532
463.6411
522.9250
547.5287
557.9907
563.4609
563.5926
565.4807
575.7275
599.0164
634.6198
9.0212
17.9695
52.3252
71.0891
71.2849
71.7937
97.2152
130.0642
130.1912
131.6487
141.4049
201.1015
214.9499
215.4499
225.5263
251.1286
265.6291
288.3053
293.2184
330.0646
334.6402
337.1480
362.9785
379.6014
407.4783
410.8922
426.5369
448.1062
449.6563
450.2839
459.8982
496.4841
557.0830
563.4960
565.2616
565.8593
567.1909
576.4214
597.9010
634.6277
9.6079
25.2487
59.8870
70.8809
71.8713
72.3088
77.5570
128.7990
133.1436
133.9934
142.4603
186.8676
206.5818
213.4609
232.1821
245.2680
269.2555
287.1636
293.9214
325.2994
336.2390
340.5701
353.0228
375.0946
401.4929
420.1739
439.9582
452.4624
453.3499
453.5964
459.8202
484.2165
528.9100
568.7683
567.1172
568.2496
569.7018
581.8952
599.6218
634.7493
8.4492
30.6670
60.8121
70.7860
71.2516
72.0894
78.9514
124.4943
142.4449
154.6452
163.1277
176.6841
195.5510
213.6418
233.1427
244.5321
265.0580
281.7092
292.9732
325.7041
339.7836
342.1222
354.0108
367.0052
393.4846
414.3668
419.4554
447.8578
456.8804
459.0703
466.7715
487.3086
516.7029
533.4423
570.8778
571.9150
576.5320
589.9557
600.9756
635.1779
7.6137
28.2309
55.6588
70.0095
71.4846
73.7816
82.7388
100.2380
143.1469
168.5405
181.8384
194.8208
201.6828
214.7191
226.5682
237.9337
250.6859
259.0693
277.3924
331.5992
343.8658
345.0915
358.3055
360.1942
400.0446
416.1416
413.0117
439.2665
464.2610
486.1319
486.3348
490.8408
505.4896
527.0029
574.8801
575.5209
583.6160
590.0589
604.6744
635.5851
7.4634
22.9544
55.0488
70.6978
75.7381
82.8155
93.0842
104.0938
147.9014
169.6177
187.6164
206.3890
211.9010
228.6154
233.8677
242.7687
258.9600
262.2256
272.2208
331.4418
353.4538
358.5666
359.6453
359.9526
368.1092
417.2008
413.3335
421.8151
486.0129
505.2711
494.4499
494.5741
500.3922
516.0282
565.9464
580.2681
586.7450
594.8029
608.5281
635.4207
7.6581
21.3471
50.7959
73.0517
84.2280
95.3584
103.5690
108.1541
150.4581
172.6471
190.3758
207.2017
208.3530
232.7545
238.5873
249.2126
260.4843
263.3970
270.0747
324.6192
359.2664
359.3040
359.9266
360.1296
360.7301
417.7178
417.5588
421.1124
489.4590
509.1242
502.0805
501.2476
501.1924
510.3224
558.9504
583.2869
586.3405
593.8358
608.8362
635.2847
8.3090
25.3382
38.4851
74.2365
91.7969
99.6839
105.4678
106.4872
151.2911
171.2461
188.4617
203.1823
203.3242
231.3651
240.9467
253.8675
261.0856
264.8504
272.6485
322.4037
359.8073
359.6695
359.9740
360.0456
360.6750
411.4874
420.1663
422.3936
485.3703
502.2147
504.3822
504.0390
503.8993
509.8865
570.9265
582.5013
583.8921
592.5857
607.0926
635.3378
24.1198
32.8760
35.0349
42.2006
90.4995
98.6670
101.6452
105.2203
151.4896
166.2787
179.4264
193.0031
199.8514
226.8634
241.4823
255.9261
260.5808
267.1127
279.0434
313.2922
358.4929
359.7337
359.7079
359.9677
361.7786
407.0966
429.8587
444.6819
477.6183
502.1171
503.3083
504.5332
505.3711
517.3611
556.6641
576.9218
577.6724
585.2817
602.4392
635.4670
26.1802
32.7451
34.3415
40.1585
87.5577
101.3671
106.8569
118.2206
145.7070
163.3336
176.2826
191.7881
205.3450
226.2679
234.3376
239.9102
255.0433
272.4102
291.9978
311.4082
351.3904
359.3505
359.9531
360.0132
364.9247
416.1024
447.8209
450.5145
452.2943
473.0368
501.1339
506.9434
527.7852
528.5178
531.2438
559.9135
572.3630
581.3386
600.3177
635.6464
25.6300
32.0084
35.6018
40.5161
90.2843
112.3903
127.8841
130.6025
137.5326
162.3975
179.5625
196.4947
207.4671
224.9052
231.2013
236.7254
265.9013
291.2189
298.8278
299.1212
315.8957
352.9555
359.3831
370.9426
376.5558
430.7712
450.4740
451.4388
453.0610
452.6044
477.2032
526.2206
529.3807
528.8782
529.0814
555.1975
572.9325
579.7736
595.7963
635.6340
25.4324
27.2118
35.5034
40.4477
109.4840
108.6844
120.3168
125.9581
134.7460
172.1635
189.2548
204.9881
221.0830
227.6399
233.6185
242.7708
277.7257
300.4378
299.9913
298.2831
300.2137
335.2971
347.9628
360.6848
397.3433
437.7206
450.5246
453.1432
454.1227
453.0500
456.5826
527.0316
529.4054
528.5659
532.5260
571.0272
580.6671
582.4902
591.8257
635.1654
25.5381
25.7967
34.3207
42.1794
112.0225
106.3615
113.7445
125.1929
143.5782
180.9485
194.2350
207.7533
222.8174
229.1036
239.2787
262.9177
295.5194
300.6415
300.3059
302.8598
307.8912
334.7241
342.2753
349.6616
405.2381
434.0507
448.8129
454.3839
455.1661
453.7864
456.9024
515.1882
530.3298
529.5855
554.9006
582.4463
581.3156
585.3434
593.8721
634.5238
22.8285
26.6490
36.4161
47.2728
106.3431
98.4959
108.6232
132.7910
163.0009
182.5961
195.4233
207.1950
214.5518
226.8066
236.7731
265.9193
298.8255
301.0712
300.8825
313.9065
318.1511
341.8596
342.3109
347.3625
394.8585
431.9883
435.0742
453.2597
454.9169
454.1140
459.8604
497.1639
528.5236
548.8625
577.0010
583.3513
582.2142
590.6786
598.9182
634.2613
14.5760
28.5493
38.6975
61.3589
90.3895
90.5339
94.6364
119.8559
163.7512
181.2175
195.7250
207.4012
214.7145
227.4993
234.2235
256.9591
292.4566
300.5956
301.2433
315.2519
329.8904
343.0408
341.8085
351.2850
391.2554
429.9590
431.8823
436.5729
453.1281
457.9996
474.8453
496.0815
518.3732
551.1614
573.1183
583.1853
587.3994
596.1204
606.6119
634.4972
11.5058
29.6852
40.1208
76.9106
87.2984
92.1888
92.5003
95.3754
154.9073
185.7200
198.5613
208.2245
217.3739
230.9015
240.1957
248.5871
285.6361
297.0248
300.2195
309.4672
328.5083
342.2143
344.0461
360.5119
385.4012
420.8670
431.2209
434.2484
457.4476
490.1791
492.5265
493.4970
500.0591
521.2916
563.0494
582.0326
592.2194
597.7894
603.3966
634.7963
10.7624
31.5035
40.6563
79.5392
89.8062
93.5653
91.5979
91.7364
112.5416
183.2970
196.4257
205.2182
218.1754
230.4885
240.6126
249.4342
277.4285
285.2407
293.2615
310.6721
326.5020
338.6447
356.5449
370.4122
377.1255
387.0950
421.7686
441.8536
486.3748
493.8316
493.9277
494.3470
494.2954
521.1321
562.1140
585.3413
594.2928
597.2792
602.5840
634.9512
8.7928
27.8386
38.0934
78.3715
89.3435
92.6488
91.5186
95.2554
130.9084
153.5300
193.8905
205.2577
222.5450
228.8917
230.5388
240.7301
242.6203
283.9000
301.0294
322.2434
326.2238
370.0876
376.0373
375.8686
375.9047
380.4383
405.3955
456.4721
488.1867
494.0725
494.3592
494.7717
495.0257
521.4528
559.5402
586.7582
595.8354
599.3269
603.6901
635.0352
7.8620
25.9595
35.2317
73.0331
88.3789
92.1440
95.1542
110.1960
120.0534
141.7218
193.4196
208.0550
228.6233
232.4225
227.4702
234.2815
239.1526
257.2604
306.9414
326.2567
331.3029
376.0990
376.8068
377.3906
377.4630
379.9573
401.6289
459.3188
486.2361
494.2695
494.3602
495.0807
495.5812
513.3909
553.7938
583.7879
594.7299
602.6837
607.9426
634.9198
7.7055
32.3019
43.9120
66.0745
70.8345
86.4929
112.9213
116.5416
117.7844
126.9284
176.2979
212.2330
229.1356
230.9616
227.7887
235.2238
243.7982
255.1324
288.0131
331.2819
353.2029
376.3833
377.2585
377.8932
378.1119
380.5920
406.5587
443.5172
478.2029
494.5873
494.2820
495.1677
495.9556
521.5714
548.2542
581.1003
593.5897
607.5275
614.9000
634.6369
14.3104
40.2931
52.3530
58.0113
60.2241
70.9780
115.2421
117.9014
119.4001
122.9370
148.1186
211.7134
231.8145
230.4705
237.6306
243.1321
246.3297
257.3141
286.6780
332.7137
358.8165
376.0496
377.9841
378.4218
378.9474
382.4885
413.4085
431.8491
455.5632
491.0711
494.3029
495.4024
500.9839
524.1516
545.5588
573.8871
590.6681
610.9867
616.8898
634.4409
19.9500
38.5875
58.0758
59.3513
59.0369
70.9157
95.6472
121.2205
123.9793
133.5729
154.7563
168.1937
197.2826
233.9370
245.2124
247.3883
250.6884
267.2037
291.7097
330.5904
356.5526
375.0148
379.7537
383.6191
389.6345
395.5097
407.2230
428.0529
448.3974
466.7859
488.5323
505.4394
529.0366
543.8233
556.9539
574.3792
583.3687
605.9486
614.1349
634.4749
28.3489
45.4914
58.3443
58.5073
58.5086
59.9231
89.3127
126.3433
145.9310
156.2221
164.2375
167.4112
172.7131
208.6885
239.2616
248.8782
252.5321
274.6427
289.2571
327.0820
351.9556
372.4077
381.0354
392.6776
394.2064
403.8562
408.1055
416.2170
445.7968
456.8726
470.1302
499.0997
534.7895
547.4528
565.6365
574.4952
576.7753
580.6180
591.9534
634.3804
29.2922
48.4009
58.3084
58.0225
57.9609
58.2411
85.7138
115.8419
159.0898
168.1864
169.3808
169.1628
171.6370
201.8612
237.1781
264.0412
274.7549
283.3764
282.7123
287.7862
335.1403
368.6342
383.4120
393.2806
408.5177
408.8148
409.4849
415.1978
442.5552
457.8015
469.7279
500.2426
537.9113
551.0127
573.3391
578.1404
577.0435
578.8911
585.7725
633.7476
22.7580
49.8928
58.2016
57.8397
57.9936
57.9992
83.5966
112.2668
146.9475
168.9982
169.5128
169.8464
177.8926
207.8778
246.4271
270.5512
283.6495
283.6568
283.5831
283.2552
306.6361
355.8318
383.3521
395.3713
408.6719
409.6166
410.4376
418.4687
437.4915
453.0803
474.4316
509.8301
527.3669
539.9755
567.1132
575.5074
576.7895
578.4722
583.5314
631.0764
16.6941
47.6158
58.2099
57.4244
57.6401
57.9746
87.2382
117.0526
139.5431
151.8387
167.9838
173.8136
195.0497
215.4118
242.2237
270.8796
284.4202
284.0858
284.3207
283.5076
305.1747
343.1147
370.2241
390.0507
406.2285
409.7677
413.4233
426.7960
440.7225
458.7643
495.0206
516.4218
527.3177
538.9147
565.2816
575.4423
577.1573
579.8450
587.5369
628.9452
15.7810
29.8512
55.1583
57.0093
57.1190
64.8501
86.4296
120.9881
137.6170
144.7056
160.9063
182.5917
200.1228
219.9597
239.5906
267.6703
284.2742
283.7543
283.8860
284.5829
312.8940
342.1556
356.2797
380.3257
391.2453
407.6246
425.2844
437.5884
448.8837
465.7442
495.0914
514.1154
525.3610
536.5759
553.4786
574.2524
577.1026
581.8401
593.9706
620.6162
65.1391
95.4697
115.1373
137.1896
158.4898
194.3324
221.5806
239.1375
247.1806
314.9372
371.6807
425.2912
437.7778
452.6536
474.7975
501.6791
544.1674
567.1144
578.5369
598.9543
58.1339
93.7683
104.5280
125.7424
152.3278
202.8818
215.4004
225.2605
228.7280
313.0637
402.7112
427.1387
423.4164
426.7310
469.8099
487.3543
533.4816
567.5189
579.3215
609.5153
51.7137
92.0322
107.5335
138.0894
179.9999
221.5736
219.4114
223.0608
232.3511
268.0712
393.7864
398.4296
405.4467
412.7872
447.7809
485.7954
561.0021
565.4601
574.2508
614.8025
35.7074
82.0002
86.2127
126.2789
179.9044
219.1840
216.6597
215.9045
221.3337
256.7502
380.4360
382.1302
391.9210
404.4565
430.2568
490.1861
548.4048
549.1550
567.7249
615.1188
21.5056
60.1667
52.6210
110.1829
177.4369
219.0941
215.0632
214.4591
219.5995
260.3761
381.5269
383.5157
384.1954
388.9706
421.5361
517.1259
548.4339
546.9224
557.3264
596.8879
16.3141
72.2914
66.3356
113.9179
142.8074
192.9131
208.2682
217.7537
222.3826
288.0651
381.4171
384.1270
384.0873
389.8909
414.4185
491.7056
557.0667
555.3895
558.6178
590.5649
15.4291
67.2382
59.5947
119.9466
151.7685
184.9921
231.1121
236.0586
241.9148
327.0775
378.5228
382.7486
386.3707
395.8595
438.5918
483.9399
557.9223
561.1976
560.2847
592.2433
15.8468
59.4740
68.5879
118.4445
163.3311
202.3637
235.5788
239.4436
245.1815
337.0816
378.2225
376.5562
381.4436
418.2821
454.7181
482.0357
536.2061
559.0176
562.4580
584.3244
16.2376
54.2485
75.9645
116.1607
170.7188
181.1583
201.0302
226.8152
235.2663
329.4103
365.5722
361.6072
372.8457
437.4112
457.5563
468.9244
512.0904
549.8717
563.2335
586.9982
15.3274
47.9459
99.3534
125.0171
180.4620
170.9331
183.2763
195.7076
230.4037
316.9861
359.8534
361.1060
364.8735
423.2815
450.0574
450.1154
484.0740
548.5138
563.5601
587.7227
23.1290
34.1756
110.7855
139.0400
172.5357
171.0786
179.8619
186.6966
228.5055
314.7597
359.7204
361.3659
365.5212
408.4540
439.2148
444.9332
473.2216
542.2607
558.8292
586.7258
26.7669
30.3848
87.4122
130.0838
161.1379
167.7766
197.4645
202.0433
246.6785
321.1481
359.6693
360.9666
380.1765
408.3072
433.5515
460.3876
488.4326
555.4966
566.1171
583.5627
27.4771
31.1729
67.7786
89.7937
137.7956
188.9929
223.8643
250.3822
292.5132
344.8311
360.7703
362.8984
389.9106
399.6035
420.3360
464.2245
521.6639
565.3773
570.4335
580.6274
27.6994
35.3403
69.6401
89.3601
150.8828
202.4678
235.5378
271.3885
317.8078
349.3773
362.9453
369.7363
384.9476
409.0632
436.4890
465.0715
530.4827
561.1977
573.7764
583.2766
22.9800
37.5916
62.4917
106.4397
164.5264
202.8131
238.4699
277.6996
326.6930
347.0936
365.2437
370.6737
376.4999
427.3251
446.3011
484.8947
497.9143
538.9785
571.3820
592.8934
18.5547
40.2687
63.9726
124.0124
164.0047
214.7677
248.0084
295.9606
331.9005
349.9332
367.3571
380.9991
380.8624
419.1234
481.9661
495.1576
502.6750
542.6722
574.2706
601.0687
61.3890
58.1471
56.7765
88.9483
137.4541
215.4724
259.5783
283.5659
278.5589
340.5629
370.6826
388.1667
391.1633
398.2104
457.1272
493.4938
501.4928
552.1428
577.7646
589.2573
58.8122
58.2247
58.5684
66.7599
111.7310
205.5547
255.0323
261.7611
262.6779
291.3639
342.5527
390.0056
393.6977
397.1261
423.6078
505.4437
551.2127
566.2438
580.5335
583.2452
58.5765
58.0727
58.0189
73.8136
111.5914
183.3032
225.6821
242.9386
275.7106
283.4485
346.7009
381.7783
392.2804
396.3990
423.9053
506.5953
548.0994
568.7324
580.9016
583.8351
54.0060
57.3978
57.9734
73.3959
112.5599
163.0150
228.7803
246.2787
279.3439
286.2964
328.4353
357.7442
387.9051
399.6735
424.8603
498.7050
547.3267
562.0892
576.5140
581.4612
